99
2525 1
2400 5
300 2
120 60
60 90
83594047 1
55520014 2462
224267408 1
92110274 1337
728765459 1
501823325 9203
515683369 1
382577590 3731
1000000000 2
999999997 3
999999998 2
150399594 1
88391298 9625
200000 2
5000 3
5001 1
638549951 1
340313399 3747
525585391 1
150819232 4705
605884574 1
256735177 2450
514334626 1
306780937 7369
747987813 1
528464982 9936
971471521 1
314424271 7774
253776991 1
62815587 6075
866810221 1
746758704 994
1000000000 2
998000000 1
999000000 1
326035545 1
163811519 801
56119573 1
42721988 399
866184321 1
584443577 5413
2 1
1 1
915653408 1
66567713 3349
988607189 1
429242507 7622
985987218 1
10974054 5557
654806212 1
252564982 7744
192086276 1
98616573 2139
786408050 1
680800941 9807
319215663 1
268481265 6991
115671391 1
38236917 386
545052820 1
366539436 5319
665201053 1
341544982 7963
72851425 1
17358265 3543
2 1
1 10000
72770257 1
12533078 2536
445895331 1
214898898 119
985014670 1
870915885 9501
658290204 1
166057389 818
901103315 1
19259987 1548
141522096 1
92860710 820
621515495 1
426728434 7772
959873399 1
78974759 7118
532660071 1
140087732 2719
729388519 1
443487465 2381
56383479 1
11066956 9821
670659076 1
35548233 5359
442893122 1
29785565 1497
746452556 1
670652755 568
965192393 1
646521406 2462
625049738 1
618772811 2469
866083688 1
341813659 5336
516063647 1
210828238 5529
1000000000 1
999999999 1
525321706 1
212295466 2300
817902937 1
44287246 8600
499673748 1
240815322 9310
219714379 1
154600977 2160
1000000000 2
998000000 10000
999000000 10000
679848279 1
61300953 2922
1000000000 1
1 1
591136841 1
305685367 8591
705206033 1
17738214 700
271903344 1
152827716 5732
1000000000 2
999999999 2
999999998 3
665524721 1
4193210 5615
1000000000 2
12345676 2
12345675 3
1000000000 2
100 10000
200 10000
696013331 1
532556630 8095
101028067 1
97003302 8818
663706784 2
355448757 4023
542085498 5711
115769677 1
21236696 7229
603040893 1
30933616 3116
317338056 1
94048010 8478
793365238 1
465973336 6073
1000000000 1
1 10000
250216084 1
248668943 3433
606459018 1
76341518 2420
1000000000 2
2 2
1 3
1000000000 1
999999999 10000
672304491 1
292829358 5138
854263083 1
253288893 4294
221082849 1
213939872 6910
72941140 2
27718142 6597
62076930 5067
551439820 1
285115650 8867
584866619 1
477532921 5576
958845810 1
737607963 7043
1000000000 2
999999997 2
999999996 3
273877450 1
231779225 8120
168151232 1
160492593 2091
154742934 1
26357027 7736
784479365 1
127895853 2910
476067181 1
158554629 1798
883006093 1
456320692 4960
302481202 1
184684254 757
610245207 1
269262684 5195
979713545 1
444578125 7854
687602153 1
608254352 8398
602296857 1
51138957 4358
294964362 1
294083559 6091
