100
769453 51684 136 9985
738751 775055 327 4902
108890 363138 34 9974
25592 176340 174 9974
101490 0 545 1
55534 943573 732 2660
29716 840010 927 9916
215445 897872 180 9978
79264 57353 683 9937
79454 219331 938 9911
421524 700604 434 9948
838181 658181 384 9948
352636 645811 44 5019
144554 783312 190 9988
695456 42615 622 9943
119131 0 200 1
85712 740674 258 125
495154 43249 990 9800
0 0 1000 10000
0 0 822 1
411793 359419 737 912
702232 592722 362 9943
844042 429809 673 9915
121882 379673 109 9962
601062 101885 509 9906
0 387198 708 1
880209 833017 492 9298
228430 358404 857 3809
881129 293212 693 5480
56539 411134 198 9999
854378 686001 706 9927
914157 6212 543 6808
624794 464574 971 3699
164983 396412 494 9995
312785 559969 170 9237
311458 327275 140 9962
494965 130014 508 9926
332298 321365 395 9984
925507 737832 179 9965
905751 140183 37 9997
857657 241798 536 9970
120866 364266 862 4719
0 0 655 4218
108955 855359 823 9957
289252 525 738 9975
808991 666843 484 8212
196139 564117 815 9912
963351 957268 175 9975
57271 933057 667 882
367310 544654 310 6305
396539 0 852 4180
688763 522571 640 4623
519857 322332 271 7198
832444 348994 654 3442
25341 524062 423 9950
581131 107810 601 4655
289551 219255 976 8298
639128 800106 61 815
830371 633109 88 9958
784596 40226 864 7790
31761 873991 427 9905
772761 455440 886 9953
922434 309572 624 5268
538754 188344 469 9987
809594 19567 900 8384
951171 856937 874 9917
399235 70118 64 915
0 0 10 5
0 0 100 199
337417 481442 122 1266
579339 808354 437 4583
25140 552575 288 9945
407303 561562 679 38
735055 917200 582 9928
303608 526569 70 9919
162344 312205 491 9931
10623 91743 257 9004
142969 16680 157 4247
747 194864 624 9957
30272 832571 692 6465
0 292513 385 1586
852706 433546 327 3851
96594 498877 690 9983
133978 370813 759 9244
380905 132183 632 8724
484221 398498 643 4429
748474 146909 323 9976
940303 134547 700 7351
780255 569314 44 9921
672002 215106 438 2760
902103 985416 828 8406
254038 505051 535 2875
66472 277690 581 5539
895814 806539 32 1096
389394 828392 749 9957
448678 969744 302 9930
672630 206405 605 6167
863249 520608 465 9004
914638 654958 500 9940
371615 989712 797 8857
